9.164 3.390
18.912 10.746
33.6682 19.86
62.8856 36.826
66.1469 42.8036
64.5936 48.9232
43.9238 77.9856
38.7793 80.7226
34.0279 79.623
12.0039 66.7991
-57.9269 19.3009
-64.361 19.2524
-68.5601 25.5374
-82.354 46.4715
-92.1222 59.825
-92.4618 64.1994
-90.6154 67.9617
-27.9422 123.305
-24.5501 131.361
3.79497 161.744
23.3879 184.648
60.5009 234.835
69.8462 243.036
83.2326 261.989
101.932 292.336
105.268 293.487
109.546 291.949
122.632 269.226
139.248 248.936
155.228 247.301
168.48 255.54
191.368 296.099
189.95 300.894
186.259 303.254
184.436 307.223
186.206 323.672
197.913 347.967
197.512 355.123
193.354 359.158
155.58 376.507
148.836 377.057
142.311 373.425
122.852 330.198
119.353 326.875
115.135 326.355
78.1322 354.492
11.993 390.3
0.743221 398.803
-2.52403 402.944
-3.73295 416.153
-8.82863 425.812
-8.36261 429.908
-4.42722 432.757
13.6439 441.282
32.9599 476.572
40.3694 483.018
50.7267 486.958
58.2101 504.303
56.7923 511.096
55.0282 513.087
51.7371 513.772
45.4342 512.443
42.4069 513.712
39.9452 517.777
28.9596 523.246
24.1391 525.287
19.5795 524.107
16.8431 520.561
-23.717 444.494
-23.7627 438.565
-19.167 433.878
-7.16997 425.834
-2.32215 409.836
-2.30649 401.797
0.502916 397.802
11.8124 390.075
77.919 353.255
113.809 326.433
116.449 323.219
116.614 318.926
103.487 296.809
81.9871 262.969
69.4879 243.457
58.221 236.921
20.6884 187.442
15.3574 177.712
3.59832 161.774
-24.0113 131.297
-27.8029 123.218
-107.974 59.4579
-112.83 59.8358
-116.068 62.922
-131.772 93.5764
-133.941 95.0425
-136.176 93.6888
-136.267 90.3555
-123.279 68.046
-122.011 66.1389
-122.266 63.6503
-158.325 38.2809
-185.344 11.7491
-185.604 10.148
-183.96 10.5913
-157.931 37.58
-143.421 48.4899
-140.991 48.8095
-138.473 47.5644
-135 44.7424
-129.961 43.4774
-124.773 45.0369
-103.49 58.4336
-100.563 59.411
-98.0576 57.191
-87.5163 43.184
-87.5635 40.5825
-89.5872 38.2298
-103.845 28.5869
-105.702 25.5649
-105.166 22.3722
-101.644 18.1638
-97.6603 16.6159
-87.2874 22.8058
