0.0179551 0.0319466
0.040821 16.0871
-2.48899 29.6233
-2.88887 48.0655
-2.02154 50.915
0.294002 52.6788
4.39326 53.4833
37.0605 54.8859
64.5148 56.4717
75.0605 57.0894
77.9048 58.3304
79.051 61.0195
75.9202 108.912
74.8806 151.275
73.3258 193.815
71.6464 264.659
71.5209 282.888
69.7828 309.467
72.3664 315.287
78.0885 317.686
109.74 319.319
142.163 322.008
147.219 325.187
148.965 330.934
148.701 346.117
147.621 349.104
144.528 350.242
81.6908 346.503
14.8657 342.327
-0.428991 341.211
-3.38604 339.834
-4.03557 337.061
-0.894615 303.023
3.51697 238.229
7.00427 190.872
4.96281 186.174
-0.0196822 184.139
-40.9026 181.859
-87.9731 179.087
-91.5582 176.885
-92.3994 172.111
-89.7612 128.818
-88.7658 84.16
-87.018 58.2131
-85.7899 53.4462
-82.1172 47.5503
-79.2296 45.9642
-46.7574 48.2778
-8.2618 52.0892
-4.69785 51.2174
-2.9922 47.4739
-3.10972 33.9548
-4.73394 31.3823
-8.23742 29.9761
-16.3424 28.1895
-37.3147 25.943
-54.9303 25.2982
-61.4809 24.5289
-64.4419 22.9597
-65.8689 20.0549
-64.8105 5.55033
-63.2252 -1.10633
-58.7449 -5.13185
-51.643 -5.05194
0.0745279 -0.141254
