0.0 0.0				0 1 0 4
-58.9989 -4.77044	0 1 0 4
-63.2398 -2.77952	0 1 0 4
-64.7546 2.59678	0 1 0 4
-67.5062 43.855		0 1 0 4
-66.4035 47.0541    0 1 0 4
-63.7053 48.254     0 1 0 4
-6.91936 53.1468    0 1 0 4
-4.85949 52.1007	0 1 0 4
-3.75817 49.8294    0 1 0 4
-3.06268 33.8346    0 1 0 4
-4.5514 31.1952     0 1 0 4
-7.89661 29.9115	0 1 0 4
-34.0543 26.4565    0 1 0 4
-60.0682 24.8973    0 1 0 4
-63.4981 25.3284    0 1 0 4
-65.7285 27.7992    0 1 0 4
-67.6394 43.7665    0 1 0 4
-68.9492 45.6942    0 1 0 4
-71.2384 46.8291    0 1 0 4
-79.2165 46.8577    0 1 0 4
-82.9519 48.0351    0 1 0 4
-85.6132 51.1375    0 1 0 4
-86.8444 55.3746    0 1 0 4
-89.241 78.0929		0 1 0 4
-88.8858 81.4566    0 1 0 4
-86.2646 82.8958    0 1 0 4
-57.6524 84.6232    0 1 0 4
-43.9305 90.9476    0 1 0 4
-17.2199 91.9316    0 1 0 4
-15.3511 94.3753    0 1 0 4
-13.7839 95.7119    0 1 0 4
-11.5862 96.2454    0 1 0 4
-0.995211 96.9696   0 1 0 4
5.55467 93.6851     0 1 0 4
72.083 99.8323      0 1 0 4
74.0985 101.675     0 1 0 4
74.2411 105.547     0 1 0 4
69.224 183.299      0 1 0 4
68.6542 188.66      0 1 0 4
67.521 191.042      0 1 0 4
64.6667 192.085     0 1 0 4
29.7026 189.252     0 1 0 4
6.21475 187.638     0 1 0 4
3.07878 187.879     0 1 0 4
1.35366 189.861     0 1 0 4
-3.16888 256.678    0 1 0 4
-2.53589 259.767    0 1 0 4
0.344875 262.043	0 1 0 4
21.4871 264.808     0 1 0 4
60.9271 267.709     0 1 0 4
64.2076 269.41      0 1 0 4
65.937 273.094      0 1 0 4
64.7559 290.911     0 1 0 4
63.2395 313.947     0 1 0 4
60.5143 317.245     0 1 0 4
54.7474 317.817     0 1 0 4
54.9371 317.92      0 1 0 4
-3.20108 313.387    0 1 0 4
-6.9792 314.625     0 1 0 4
-8.37774 318.77     0 1 0 4
-9.0497 339.958     0 1 0 4
-8.09013 342.816    0 1 0 4
-4.88169 343.614    0 1 0 4
64.8956 348.204     0 1 0 4
138.155 352.714     0 1 0 4
140.828 351.628     0 1 0 4
142.167 349.041     0 1 0 4
142.917 333.52      0 1 0 4
141.579 328.299     0 1 0 4
137.514 324.908     0 1 0 4
132.169 323.188     0 1 0 4
68.7926 319.056     0 1 0 4
-3.79625 312.676    0 1 0 4
-6.72586 310.978    0 1 0 4
-7.55174 307.773    0 1 0 4
-4.74394 266.398    0 1 0 4
-3.90505 263.706    0 1 0 4
-2.15621 261.938    0 1 0 4
0.411307 261.839    0 1 0 4
22.0886 264.771     0 1 0 4
60.9988 267.607     0 1 0 4
63.7627 266.097     0 1 0 4
64.7366 262.819     0 1 0 4
68.9864 196.834     0 1 0 4
67.5133 193.506     0 1 0 4
64.5321 191.862     0 1 0 4
1.73187 187.176     0 1 0 4
-92.9667 178.408    0 1 0 4
-95.5469 177.467    0 1 0 4
-97.056 174.663     0 1 0 4
-91.2242 99.0496    0 1 0 4
-90.0044 85.8271    0 1 0 4
-88.9521 83.9401    0 1 0 4
-87.0671 83.1036    0 1 0 4
-57.6226 85.0654    0 1 0 4
-43.783 90.165		0 1 0 4
-17.2522 91.6467    0 1 0 4
-13.2364 90.7681    0 1 0 4
-9.26449 90.7564    0 1 0 4
-7.0679 91.4336     0 1 0 4
5.89645 93.45       0 1 0 4
72.0248 99.2207     0 1 0 4
74.1668 97.9316     0 1 0 4
75.3592 95.6322     0 1 0 4
78.1209 63.8218     0 1 0 4
77.5576 60.6579     0 1 0 4
74.8923 59.0876		0 1 0 4
0.597316 53.4264    0 1 0 4
-2.41039 52.0417    0 1 0 4
-3.43029 49.7699    0 1 0 4
0.0 0.0				0 1 0 4
