0.000 0.000				0 1 0 0
-0.685738 15.4898       0 1 0 3
-2.43527 33.3424        0 1 0 3
-3.52714 46.8529        0 1 0 3
-2.207 51.6849          0 1 0 0
2.41981 53.653          0 1 0 0
39.8243 56.1187         0 1 0 2
73.0954 58.7865         0 1 0 2
77.0029 60.9308         0 1 0 0
78.0975 65.6238         0 1 0 0
76.0377 88.0352         0 1 0 0
74.639 101.762          0 1 0 0
73.1498 121.706         0 1 0 0
71.9009 141.537         0 1 0 0
71.1488 157.155         0 1 0 0
70.4527 170.193         0 1 0 0
69.3525 187.037         0 1 0 0
69.0352 193.624         0 1 0 0
68.7512 207.953         0 1 0 0
68.4919 221.111         0 1 0 0
67.8061 239.952         0 1 0 1
67.4185 261.868         0 1 0 1
65.847 281.797          0 1 0 1
63.5459 302.684         0 1 0 1
63.8888 312.184         0 1 0 1
66.1159 316.969         0 1 0 3
71.2147 319.336         0 1 0 3
102.049 321.425         0 1 0 1
129.898 323.182         0 1 0 2
137.339 324.959         0 1 0 2
141.826 329.309         0 1 0 4
142.778 338.316         0 1 0 1
142.499 348.02          0 1 0 0
140.57 351.545          0 1 0 4
136.753 352.439         0 1 0 4
120.161 351.647         0 1 0 2
100.38 350.414          0 1 0 2
83.6663 349.488         0 1 0 5
65.0107 348.284         0 1 0 5
46.6075 347.052         0 1 0 2
26.26 345.706           0 1 0 4
6.41216 344.271         0 1 0 2
-4.87698 343.449        0 1 0 0
-8.29967 341.997        0 1 0 3
-9.49278 338.529        0 1 0 3
-9.01719 329.647        0 1 0 2
-7.49097 314.91         0 1 0 1
-6.59029 307.004        0 1 0 1
-6.13258 298.147        0 1 0 1
-5.61803 286.484        0 1 0 1
-4.97976 276.326        0 1 0 1
-4.07561 262.094        0 1 0 1
-2.59296 243.946        0 1 0 1
-2.313767 233.59        0 1 0 1
-1.102188 218.527       0 1 0 1
0.5655 204.102          0 1 0 1
2.23023 194.247         0 1 0 1
0.252716 187.844        0 1 0 1
-4.63925 185.746        0 1 0 1
-18.3756 184.688        0 1 0 1
-53.7135 182.125        0 1 0 2
-80.1343 179.927        0 1 0 1
-92.8991 178.766        0 1 0 1
-96.3256 177.172        0 1 0 0
-97.4551 173.43         0 1 0 4
-94.2585 141.413        0 1 0 0
-92.1492 120.507        0 1 0 0
-91.6118 107.727        0 1 0 1
-90.3438 87.6664        0 1 0 1
-87.4923 56.0703        0 1 0 1
-85.6699 49.9651        0 1 0 2
-81.0863 46.3793        0 1 0 0
-72.8638 46.3078        0 1 0 0
-36.7076 49.9582        0 1 0 0
-8.18777 52.4949        0 1 0 0
-4.78409 51.0763        0 1 0 0
-3.67021 47.747         0 1 0 0
-3.09822 33.3785        0 1 0 0
-4.5044 30.4833         0 1 0 0
-7.49519 29.1781        0 1 0 0
-10.9323 28.7758        0 1 0 0
-35.2804 26.3043        0 1 0 0
-58.0552 25.0296        0 1 0 0
-61.9115 24.4469        0 1 0 0
-64.1221 22.9043        0 1 0 0
-65.3128 19.8862        0 1 0 0
-65.3324 15.4297        0 1 0 0
-64.4102 2.75519        0 1 0 0
-63.263 -0.596429       0 1 0 0
-61.1112 -3.28571       0 1 0 0
-56.835 -3.25101        0 1 0 2
-33.3047 -0.867288      0 1 0 2
-17.2991 0.725342       0 1 0 0
-10.5051 3.57328		0 1 0 0
-8.28956 5.06938		0 1 0 0
-6.44845 4.66495		0 1 0 0
-5.99492 2.74104		0 1 0 0
-5.94054 0.405962		0 1 0 0
-5.70201 -2.26326		0 1 0 0
-4.91973 -3.77994		0 1 0 0
-3.02456 -3.71478		0 1 0 0
-0.91475 -3.02542		0 1 0 0
0 0						0 1 0 0
0 0.5					0 1 0 0
