67.5294 52.3375			0 1 0 1
72.2127 86.8176         0 1 0 1 
76.4208 118.102         0 1 0 1
75.3731 121.844         0 1 0 1 
71.8631 124.379         0 1 0 1 
56.7172 126.839         0 1 0 1
53.1257 126.272         0 1 0 3 
49.9328 123.578         0 1 0 3
45.2675 122.588         0 1 0 3 
31.8149 123.652         0 1 0 2
29.7486 122.921         0 1 0 2 
28.4402 121.268         0 1 0 2 
25.904 102.824          0 1 0 0 
22.0473 73.4457         0 1 0 2 
17.5317 39.3657         0 1 0 2
14.8783 19.9486         0 1 0 2 
13.3261 18.0614         0 1 0 0
10.6322 17.8084         0 1 1 1 
-5.25847 19.8778        0 1 1 2
-19.0625 21.7429        0 1 1 2 
-29.6579 22.939         0 1 1 1
-33.2673 23.3989        0 1 1 1
-35.9417 24.7091        0 1 0 2
-37.7799 27.1252        0 1 0 2
-38.064 30.0765         0 1 0 2
-33.7605 62.512         0 1 0 2
-28.4436 102.053        0 1 0 2
-28.8928 104.687        0 1 0 1
-30.2886 106.638        0 1 0 1
-30.8395 109.125        0 1 0 1
-24.7702 150.829        0 1 0 1
-20.2492 172.819        0 1 0 0
-15.5884 197.911        0 1 0 0
-13.8663 222.518        0 1 0 2
-9.25347 247.634        0 1 0 0
-4.65828 285.708        0 1 0 0
-0.299282 318.865       0 1 0 2
5.56234 367.29          0 1 0 2
6.9754 370.271          0 1 0 0
10.1271 371.268         0 1 0 0
44.7482 366.801         0 1 0 0
48.0929 367.217         0 1 0 0
49.8731 370.056         0 1 0 0
53.1659 401.41          0 1 0 0
57.1812 458.749         0 1 0 0
57.1812 458.749         0 1 0 0
58.9941 508.031         0 1 0 2
59.1484 538.027         0 1 0 2
59.4771 568.171        	0 1 0 2 
59.7196 598.77          0 1 0 2
59.1915 615.812         0 1 0 2
57.3578 618.277         0 1 0 2
54.4417 619.283         0 1 0 2
50.7878 619.475         0 1 0 2
47.5672 620.252         0 1 0 2
45.7592 623.001         0 1 0 2
46.1512 630.25          0 1 0 2
46.4903 637.583         0 1 0 2
45.2821 639.698         0 1 0 2
42.632 640.376          0 1 0 2
38.3215 640.345         0 1 0 0
32.9116 641.8           0 1 0 0
26.4086 647.951         0 1 0 6
18.3519 651.392         0 1 0 6
11.9909 652.069         0 1 0 2
4.82211 650.911         0 1 0 2
-1.00677 648.59         0 1 0 1
-8.32057 643.933        0 1 0 1
-13.5526 637.66         0 1 0 0
-17.742 628.85          0 1 0 0
-19.4247 619.526        0 1 0 2
-19.4493 605.814        0 1 0 2
-21.5465 593.23         0 1 0 2
-27.4263 573.417        0 1 0 2
-27.759 567.409         0 1 0 0
-25.7347 558.808        0 1 0 0
-20.2454 552.009        0 1 0 0
-9.17015 546.394        0 1 0 0
4.08093 545.346         0 1 0 2
15.063 545.152          0 1 0 0
23.3824 549.945         0 1 0 0
29.0597 556.38          0 1 0 2
30.5346 559.631         0 1 0 2
30.4046 563.166         0 1 0 2
29.4356 567.883         0 1 0 0
29.5 577.149            0 1 0 0
31.1252 583.888         0 1 0 2
36.2242 588.894         0 1 0 5
45.1035 591.284         0 1 0 5
52.0667 591.049         0 1 0 5
56.7036 590.035         0 1 0 5
58.8421 586.726         0 1 0 5
58.8108 557.05          0 1 0 2
57.3497 507.074         0 1 0 2
55.916 474.153          0 1 0 3
52.0298 401.439         0 1 0 0
49.1158 370.415         0 1 0 0
47.9645 368.25          0 1 0 0
44.7464 367.288         0 1 0 0
10.0594 371.85          0 1 0 0
6.64264 370.667         0 1 0 0
4.81476 367.437         0 1 0 0
3.48461 355.233         0 1 0 0
2.11936 353.058         0 1 0 0
-0.0286956 352.59       0 1 0 0
-3.71767 352.99         0 1 0 0
-6.90101 353.327        0 1 0 0
-7.55431 351.274        0 1 0 0
-9.86501 350.864        0 1 0 0
-21.3397 352.254        0 1 0 0
-23.6214 353.254        0 1 0 0
-32.3774 354.206        0 1 0 0
-40.4245 355.188        0 1 0 2
-43.2757 353.523        0 1 0 2
-45.1997 351.269        0 1 0 2
-46.1962 342.537        0 1 0 0
-47.201 332.973         0 1 0 0
-47.5492 330.084        0 1 0 0
-46.1084 326.356        0 1 0 0
-41.8716 324.858        0 1 0 6
-24.3482 321.423        0 1 0 6
-4.75851 317.245        0 1 0 6
-2.17479 315.544        0 1 0 6
-1.14887 312.834        0 1 0 0
-4.80848 284.018        0 1 0 0
-10.0059 243.356        0 1 0 0
-17.6382 223.506        0 1 0 0
-22.5259 197.963        0 1 0 2
-24.0879 173.284        0 1 0 2
-22.7252 162.665        0 1 0 0
-31.5619 109.559        0 1 0 0
-31.0572 105.612        0 1 0 0
-29.3476 99.1545        0 1 0 0
-34.9811 56.5899        0 1 0 0
-39.2698 24.9711        0 1 0 2
-36.9005 19.1177        0 1 0 6
-30.7688 16.9412        0 1 0 2
-20.7646 17.2964        0 1 0 2
-18.1682 17.282         0 1 0 2
-15.8959 16.3236        0 1 0 2
-14.6703 14.0283        0 1 0 3
-17.3524 -2.63247       0 1 0 2
-17.1766 -5.82995       0 1 0 0
-15.1109 -8.20067       0 1 0 0
-11.6399 -9.88884		0 1 0 3
-5.83762 -10.8216		0 1 0 3
-2.77861 -10.2754		0 1 0 3
-0.287261 -7.39643		0 1 0 0
0.581378 -2.43423		0 1 0 0
1.36823 2.61372			0 1 0 0
